15
4 1 8 9 12 
2 2 5 
1 3 
1 4 
0 
1 6 
1 7 
0 
0 
1 10 
1 11 
0 
1 13 
1 14 
0 
0.000 0.000 34.160
0.000 0.000 0.000
2.780 -0.480 -3.980
0.160 -0.420 -12.180
0.040 -0.220 -16.300
-2.780 -0.480 -3.980
-0.180 -0.420 -12.180
-0.060 -0.220 -16.300
0.000 -0.400 12.440
5.680 -0.780 11.400
1.080 0.000 -8.120
0.900 0.280 -7.200
-5.700 -0.780 11.400
-1.100 0.000 -8.120
-0.920 0.280 -7.200
34
0.000 0.000 34.160
-3.780 3.956 0.527
13.538 1.407 -0.440
-0.703 -4.571 0.000
3.780 -3.780 -6.593
17.407 -0.527 0.264
-7.473 5.187 -0.615
-9.495 0.000 0.000
9.934 0.967 -1.495
-20.308 0.615 0.000
8.703 3.692 -0.352
11.341 2.813 -1.055
-39.648 -0.615 -0.088
27.429 4.747 0.352
5.538 -5.187 2.374
-4.835 0.000 0.000
0.000 0.000 34.240
-4.308 3.956 0.527
12.396 1.319 -0.440
-0.879 -4.396 0.000
5.626 -3.692 -6.681
18.286 -0.967 0.088
-6.945 5.187 -0.615
-9.407 0.000 -0.879
8.000 0.879 -0.527
-18.989 0.615 0.000
9.934 3.341 -0.176
10.110 2.110 -0.879
-44.396 -0.615 -0.088
27.077 5.011 0.264
5.451 -4.923 -0.264
-4.923 0.000 1.143
0.000 0.000 34.300
-4.484 4.044 0.615
11.692 1.143 -0.440
-1.055 -4.308 0.000
7.033 -3.692 -6.857
19.165 -1.407 0.000
-6.505 5.187 -0.527
-8.967 -0.088 -1.846
4.484 0.791 1.143
-17.407 0.615 0.000
11.077 2.989 -0.088
8.264 1.407 -0.703
-47.912 -0.615 -0.088
26.022 5.187 0.088
5.626 -4.484 -3.077
-5.187 0.088 2.374
0.000 0.000 34.280
-4.484 4.220 0.791
11.165 0.879 -0.527
-1.495 -4.220 0.000
8.000 -3.692 -6.945
19.868 -1.846 -0.088
-5.978 5.363 -0.527
-8.440 -0.176 -2.725
1.934 0.791 2.637
-16.527 0.615 0.000
12.571 2.637 0.000
8.176 0.879 -0.352
-49.407 -0.615 -0.088
23.648 5.187 0.000
5.978 -3.956 -5.626
-5.538 0.176 3.341
0.000 0.000 34.220
-4.220 4.396 0.967
10.901 0.440 -0.615
-2.110 -4.308 0.000
8.615 -3.780 -7.033
20.484 -2.198 -0.264
-5.275 5.538 -0.440
-7.824 -0.176 -3.604
-0.176 0.791 4.044
-16.000 0.615 0.000
14.242 2.198 0.000
8.879 0.352 0.000
-49.319 -0.615 -0.088
20.396 5.011 -0.088
6.505 -3.253 -7.736
-6.066 0.264 3.956
0.000 0.000 34.100
-3.868 4.571 1.231
10.813 0.088 -0.703
-2.813 -4.484 0.088
8.791 -3.868 -7.033
21.011 -2.462 -0.352
-4.571 5.802 -0.440
-7.297 -0.264 -4.220
-2.989 0.879 5.275
-14.769 0.615 0.000
15.560 1.670 0.000
9.934 0.000 0.176
-48.000 -0.615 -0.088
16.703 4.484 -0.088
7.033 -2.374 -9.495
-6.418 0.352 4.484
0.000 0.000 33.980
-3.341 4.747 1.495
10.901 -0.176 -0.791
-3.604 -4.835 0.176
8.703 -4.044 -7.033
21.187 -2.813 -0.527
-3.956 6.066 -0.352
-6.857 -0.264 -4.659
-6.242 1.055 6.418
-12.659 0.615 0.000
16.352 1.143 0.000
11.604 -0.703 0.352
-45.451 -0.615 -0.088
12.571 3.604 0.000
7.648 -1.407 -10.813
-6.681 0.352 4.747
0.000 0.000 33.820
-2.725 5.011 1.758
11.429 -0.615 -0.967
-4.571 -5.099 0.264
8.176 -4.220 -7.033
21.187 -3.077 -0.615
-3.429 6.330 -0.352
-6.593 -0.264 -4.923
-9.055 1.231 7.209
-10.462 0.615 0.000
16.879 0.527 -0.088
13.451 -1.143 0.264
-42.022 -0.615 -0.088
8.703 2.813 0.000
8.000 -0.527 -11.516
-6.769 0.440 4.835
0.000 0.000 33.620
-2.022 5.187 2.022
11.868 -1.055 -1.055
-5.363 -5.363 0.352
7.297 -4.396 -7.033
21.099 -3.429 -0.791
-2.901 6.593 -0.264
-6.681 -0.264 -4.835
-12.220 1.407 7.736
-10.462 0.615 0.000
18.374 0.088 -0.176
15.473 -1.407 -0.176
-37.538 -0.527 -0.088
5.275 2.110 0.088
8.176 0.088 -11.429
-6.681 0.352 4.747
0.000 0.000 33.420
-1.319 5.363 2.198
12.132 -1.319 -1.143
-5.890 -5.538 0.440
6.066 -4.571 -6.945
20.747 -3.780 -0.879
-2.549 6.857 -0.264
-6.857 -0.264 -4.659
-12.747 1.055 7.209
-9.934 0.615 0.000
19.692 -0.088 -0.264
17.670 -1.407 -0.967
-32.967 -0.527 -0.088
2.637 1.582 0.264
8.088 0.703 -10.813
-6.505 0.352 4.571
0.000 0.000 33.240
-0.615 5.451 2.374
13.099 -1.495 -1.319
-6.505 -5.451 0.527
4.571 -4.835 -6.857
20.132 -4.220 -1.055
-2.374 7.121 -0.264
-7.209 -0.264 -4.308
-6.154 0.264 3.692
-12.220 0.615 0.000
22.242 -0.440 -0.352
20.132 -1.055 -1.758
-29.538 -0.527 -0.088
1.143 0.879 0.440
7.912 1.231 -9.934
-6.242 0.352 4.308
0.000 0.000 33.100
0.176 5.626 2.637
14.330 -1.582 -1.407
-7.121 -5.275 0.527
2.901 -5.011 -6.681
19.165 -4.747 -1.231
-2.286 7.385 -0.264
-7.560 -0.264 -3.780
2.374 0.527 -0.615
-17.231 0.615 0.000
25.495 -0.879 -0.527
22.154 -0.615 -2.549
-27.077 -0.527 -0.088
0.967 0.264 0.527
7.560 1.758 -8.615
-5.978 0.264 3.956
0.000 0.000 33.100
1.143 5.714 2.813
14.066 -1.582 -1.407
-7.033 -5.011 0.527
1.055 -5.275 -6.505
17.582 -5.275 -1.319
-2.286 7.736 -0.264
-8.000 -0.176 -3.253
5.714 0.703 -2.110
-19.341 0.615 0.000
26.813 -1.582 -0.791
22.154 -0.264 -3.165
-26.725 -0.527 -0.088
2.374 0.000 0.615
7.121 2.198 -6.769
-5.714 0.176 3.429
0.000 0.000 33.180
2.286 5.890 2.989
13.099 -1.319 -1.231
-6.593 -4.747 0.440
-0.703 -5.451 -6.418
15.824 -5.978 -1.407
-2.286 8.000 -0.264
-8.440 -0.176 -2.637
7.912 0.527 -1.495
-22.857 0.615 0.000
28.308 -2.462 -0.967
21.275 -0.088 -3.780
-28.132 -0.527 -0.088
4.923 -0.352 0.615
6.681 2.549 -4.484
-5.363 0.176 2.725
0.000 0.000 33.340
3.341 5.978 3.165
12.571 -1.055 -1.143
-6.242 -4.571 0.352
-2.549 -5.626 -6.242
14.681 -6.418 -1.407
-2.637 8.264 -0.352
-8.879 -0.088 -1.934
9.934 0.440 -1.231
-27.516 0.615 0.000
29.363 -3.253 -1.055
19.516 0.000 -4.659
-28.308 -0.527 -0.088
7.033 -0.703 0.615
6.154 2.989 -2.286
-5.099 0.088 2.022
0.000 0.000 33.580
4.396 6.066 3.429
12.659 -0.615 -1.055
-6.066 -4.308 0.352
-4.396 -5.714 -6.066
14.066 -6.681 -1.407
-3.165 8.440 -0.440
-9.231 0.000 -1.319
11.692 0.440 -1.143
-31.648 0.615 0.000
29.187 -3.956 -1.055
16.703 0.000 -5.714
-26.901 -0.527 -0.088
8.440 -1.143 0.527
5.714 3.341 -0.088
-4.835 0.000 1.055
0.000 0.000 33.820
5.363 6.154 3.604
13.099 -0.176 -0.967
-5.890 -4.132 0.264
-5.978 -5.890 -5.890
13.626 -6.769 -1.407
-3.868 8.615 -0.527
-9.407 0.000 -0.615
12.923 0.527 -1.495
-35.604 0.615 0.000
28.571 -4.484 -0.879
13.626 0.000 -6.857
-24.879 -0.527 -0.088
9.582 -1.495 0.440
5.363 3.516 1.934
-4.659 0.000 0.000
0.000 0.000 34.020
6.242 6.242 3.780
13.890 0.000 -0.879
-5.626 -4.044 0.264
-7.473 -5.890 -5.802
13.363 -6.769 -1.407
-4.747 8.703 -0.703
-9.495 0.000 0.000
12.923 0.703 -2.374
-39.824 0.703 0.000
27.604 -4.747 -0.615
10.462 -0.088 -7.912
-22.593 -0.527 0.000
10.462 -1.846 0.352
5.099 3.692 4.220
-4.659 0.000 -0.791
0.000 0.000 34.160
6.945 6.330 3.956
14.945 0.440 -0.791
-5.363 -3.868 0.264
-8.615 -5.978 -5.626
13.099 -6.681 -1.319
-5.538 8.615 -0.791
-9.407 0.088 0.615
12.571 1.231 -3.604
-42.901 0.703 0.000
25.758 -4.747 -0.264
7.297 -0.264 -8.967
-20.044 -0.527 0.000
11.077 -2.022 0.176
5.099 3.604 6.505
-4.747 0.000 -1.758
0.000 0.000 34.240
7.297 6.330 4.220
16.000 0.703 -0.703
-5.099 -3.868 0.264
-9.407 -5.890 -5.626
13.187 -6.330 -1.231
-6.330 8.527 -0.967
-9.055 0.176 1.582
12.132 2.110 -5.275
-44.659 0.703 0.000
22.769 -4.396 0.000
4.132 -0.440 -10.198
-17.670 -0.527 0.000
11.780 -2.022 0.000
5.363 3.341 8.791
-5.011 -0.088 -2.813
0.000 0.000 34.260
7.473 6.330 4.396
16.967 0.879 -0.703
-4.659 -3.868 0.176
-9.846 -5.890 -5.538
13.538 -5.890 -1.143
-7.209 8.440 -1.055
-8.440 0.264 2.637
11.868 3.341 -7.209
-44.835 0.703 0.000
18.813 -3.692 0.176
0.967 -0.703 -11.429
-15.385 -0.527 0.000
12.308 -1.934 0.000
5.890 2.813 11.077
-5.451 -0.088 -3.516
0.000 0.000 34.260
7.297 6.330 4.484
17.670 0.879 -0.703
-4.044 -3.868 0.176
-10.022 -5.802 -5.538
13.802 -5.187 -0.967
-7.912 8.352 -1.143
-7.912 0.264 3.516
11.868 4.396 -8.440
-42.549 0.703 0.000
14.066 -2.637 0.264
-1.758 -1.055 -12.571
-12.571 -0.527 0.000
12.484 -1.758 -0.088
6.505 2.110 13.099
-5.890 -0.176 -4.220
0.000 0.000 34.160
6.857 6.330 4.571
18.374 0.703 -0.791
-3.429 -4.044 0.088
-9.934 -5.626 -5.538
14.066 -4.220 -0.703
-8.703 8.176 -1.231
-7.297 0.352 4.484
12.220 5.275 -9.143
-39.473 0.703 0.000
9.143 -1.407 0.088
-4.571 -1.407 -13.714
-11.077 -0.527 0.000
13.275 -1.495 -0.176
7.209 1.231 14.857
-6.242 -0.264 -4.835
0.000 0.000 34.000
6.242 6.330 4.659
19.165 0.527 -0.967
-2.813 -4.132 0.088
-9.670 -5.538 -5.626
14.505 -3.253 -0.440
-9.319 8.088 -1.319
-6.945 0.352 5.099
13.363 5.451 -9.143
-35.956 0.615 0.000
5.011 -0.264 0.000
-6.769 -1.670 -14.505
-10.725 -0.527 0.000
14.769 -1.055 -0.264
7.824 0.264 16.000
-6.505 -0.264 -5.187
0.000 0.000 33.780
5.363 6.330 4.571
19.868 0.176 -1.143
-2.462 -4.220 0.088
-9.143 -5.363 -5.626
14.945 -2.286 -0.176
-9.934 8.000 -1.407
-6.769 0.352 5.363
15.473 4.747 -8.352
-32.440 0.615 0.000
1.934 0.527 -0.176
-8.879 -2.022 -15.033
-12.220 -0.527 0.000
17.319 -0.352 -0.264
8.264 -0.527 16.440
-6.681 -0.352 -5.451
0.000 0.000 33.540
4.308 6.242 4.396
20.484 0.000 -1.319
-2.110 -4.308 0.000
-8.527 -5.187 -5.714
15.385 -1.407 0.000
-10.286 7.912 -1.407
-6.681 0.352 5.451
17.670 3.868 -7.473
-29.978 0.615 0.000
0.176 1.319 -0.440
-8.615 -1.758 -14.681
-13.538 -0.527 0.000
19.780 0.176 -0.176
8.527 -1.495 16.352
-6.769 -0.352 -5.538
0.000 0.000 33.320
3.165 6.066 4.132
20.747 -0.264 -1.407
-1.846 -4.396 0.000
-7.824 -5.011 -5.802
15.560 -0.879 0.088
-10.374 7.824 -1.407
-6.945 0.352 5.187
19.692 3.165 -6.945
-28.571 0.615 0.000
0.000 1.846 -0.615
-3.692 -0.527 -12.835
-14.593 -0.527 0.000
21.890 1.055 0.000
8.527 -2.374 15.560
-6.681 -0.352 -5.363
0.000 0.000 33.180
2.110 5.890 3.692
20.484 -0.352 -1.407
-1.582 -4.396 0.000
-6.857 -4.835 -5.802
15.736 -0.527 0.264
-10.198 7.736 -1.407
-7.209 0.352 4.835
21.187 2.549 -6.418
-27.868 0.615 0.000
0.527 2.374 -0.703
2.198 0.352 -10.374
-16.967 -0.527 0.000
24.088 1.934 0.000
8.440 -3.077 14.418
-6.505 -0.264 -5.099
0.000 0.000 33.120
1.143 5.538 3.165
19.516 -0.264 -1.319
-1.231 -4.396 0.000
-5.714 -4.659 -5.890
15.824 -0.176 0.352
-9.934 7.385 -1.231
-7.648 0.352 4.308
21.802 2.110 -6.066
-27.429 0.615 0.000
1.670 2.725 -0.791
6.330 1.934 -8.440
-19.604 -0.527 0.000
25.846 2.549 0.176
8.088 -3.692 13.011
-6.242 -0.264 -4.659
0.000 0.000 33.180
0.264 5.187 2.549
17.934 -0.088 -1.143
-0.879 -4.396 0.000
-4.396 -4.484 -5.978
15.648 0.000 0.440
-9.407 7.033 -1.143
-8.088 0.264 3.780
21.538 1.846 -5.626
-26.989 0.615 0.000
3.165 3.165 -0.791
9.231 4.308 -6.418
-21.978 -0.527 0.000
26.901 2.725 0.264
7.648 -4.220 11.429
-5.978 -0.176 -4.044
0.000 0.000 33.320
-0.440 4.835 2.022
16.703 0.088 -0.967
-0.615 -4.484 0.000
-2.901 -4.308 -6.154
15.736 -0.176 0.352
-8.879 6.593 -0.967
-8.440 0.264 3.077
20.132 1.582 -5.011
-27.429 0.615 0.000
5.275 3.429 -0.791
10.286 4.659 -4.923
-24.615 -0.527 -0.088
27.604 3.165 0.352
7.209 -4.659 9.758
-5.626 -0.088 -3.341
0.000 0.000 33.580
-1.319 4.484 1.495
15.297 0.527 -0.791
-0.264 -4.484 0.000
-1.319 -4.220 -6.242
15.648 -0.703 0.176
-8.440 6.154 -0.879
-8.879 0.176 2.286
17.582 1.319 -4.220
-25.846 0.615 0.000
6.330 3.692 -0.703
10.637 4.396 -3.780
-26.725 -0.527 -0.088
27.429 3.692 0.440
6.681 -5.099 8.000
-5.363 0.000 -2.549
0.000 0.000 33.840
-2.198 4.220 1.055
14.330 0.879 -0.615
-0.176 -4.571 0.000
0.176 -4.044 -6.330
15.648 -0.703 0.176
-8.000 5.802 -0.791
-9.231 0.088 1.495
14.945 1.143 -3.253
-23.560 0.615 0.000
6.945 3.868 -0.615
10.813 3.868 -2.725
-29.978 -0.527 -0.088
27.429 4.220 0.527
6.154 -5.275 6.154
-5.099 0.000 -1.670
0.000 0.000 34.020
-3.077 4.044 0.703
14.066 1.143 -0.527
-0.440 -4.571 0.000
1.934 -3.956 -6.418
16.440 -0.527 0.264
-7.736 5.451 -0.703
-9.407 0.000 0.703
11.692 0.967 -2.110
-21.890 0.615 0.000
7.736 3.868 -0.440
11.165 3.341 -1.758
-34.813 -0.527 -0.088
27.692 4.484 0.440
5.802 -5.363 4.396
-4.923 0.000 -0.791
