15
4 1 8 9 12 
2 2 5 
1 3 
1 4 
0 
1 6 
1 7 
0 
0 
1 10 
1 11 
0 
1 13 
1 14 
0 
0.000 0.000 36.060
0.000 -0.560 0.360
3.820 0.020 -2.400
-0.400 0.180 -14.760
0.140 -1.080 -16.300
-3.820 0.060 -2.500
0.320 0.200 -14.760
-0.160 -1.060 -16.200
0.000 -1.940 14.060
7.360 -1.160 13.820
1.140 -0.200 -8.440
0.720 0.080 -8.160
-7.380 -1.160 13.820
-1.160 -0.200 -8.440
-0.740 0.080 -8.160
10
0.000 0.000 36.180
0.000 0.000 0.000
22.242 2.022 0.615
-6.945 -2.813 0.264
0.000 0.000 0.000
22.242 -1.934 -0.703
-6.945 2.022 -0.264
-4.571 0.000 0.000
0.000 -1.231 0.352
-0.176 -0.440 0.000
0.000 3.429 14.593
0.000 3.780 -1.319
0.000 0.000 0.000
0.000 -3.165 -14.593
0.000 0.000 0.000
0.000 0.000 0.000
0.000 0.000 36.080
0.264 -0.088 -0.352
21.890 0.879 0.088
-5.275 -2.989 0.264
-0.352 -0.791 0.352
24.615 -1.846 -0.703
-7.473 2.110 -0.264
-4.747 0.000 0.440
2.286 -2.022 0.264
-4.835 0.615 0.000
2.286 2.725 14.681
2.374 4.571 -1.143
-5.451 -1.319 0.000
3.077 -2.637 -14.593
0.264 0.000 0.440
-0.352 0.088 -0.527
0.000 0.000 35.800
1.319 -0.879 -1.582
21.275 -2.462 -1.143
-0.879 -3.253 0.000
-1.758 -3.077 1.670
31.209 -1.407 -0.527
-9.143 2.286 -0.352
-5.275 -0.527 2.022
6.154 -3.165 0.176
-11.780 2.374 -0.352
5.626 1.582 14.593
5.626 5.714 -0.879
-13.363 -3.341 0.527
8.000 -2.022 -14.593
1.231 0.000 2.110
-1.407 0.264 -2.198
0.000 0.000 35.380
2.813 -1.846 -3.341
21.451 -9.758 -4.220
5.802 -3.165 -0.176
-3.868 -6.154 3.165
41.407 -0.440 0.088
-11.780 2.286 -0.527
-5.890 -1.143 4.484
10.198 -4.484 0.000
-18.637 4.132 -0.879
8.615 0.703 14.593
8.527 6.945 -0.527
-20.835 -5.187 1.143
12.835 -1.582 -14.418
2.813 0.000 4.571
-2.989 0.527 -4.659
0.000 0.000 34.880
4.484 -2.989 -5.626
24.000 -21.978 -10.901
14.505 -2.110 -0.440
-6.593 -9.582 4.132
53.714 0.615 2.374
-15.121 2.110 -0.615
-6.681 -1.758 7.473
14.154 -5.802 -0.352
-24.967 5.714 -1.495
11.077 0.000 14.505
10.725 8.088 -0.088
-27.516 -6.769 2.022
17.495 -1.231 -14.242
4.747 0.000 7.736
-4.923 0.615 -7.736
0.000 0.000 34.320
6.242 -4.044 -8.264
30.769 -34.198 -25.055
24.352 0.088 0.000
-9.407 -12.835 3.341
66.462 1.231 6.066
-18.989 1.407 -0.527
-7.385 -2.462 10.901
17.846 -7.121 -0.703
-30.681 7.033 -2.286
13.011 -0.176 14.330
12.396 9.055 0.176
-33.407 -8.000 2.901
21.802 -0.967 -14.066
6.857 -0.440 11.165
-7.033 0.527 -11.253
0.000 0.000 33.760
8.000 -4.923 -10.901
45.187 -32.791 -42.462
34.462 3.341 2.022
-11.956 -15.297 0.088
77.978 0.440 10.374
-22.769 0.264 -0.088
-8.000 -2.989 14.593
21.275 -8.352 -1.231
-35.692 8.176 -3.077
14.681 -0.088 14.154
13.451 9.846 0.615
-38.242 -9.055 3.692
25.670 -0.440 -13.890
9.143 -1.143 14.857
-9.231 0.000 -14.945
0.000 0.000 33.220
9.495 -5.626 -13.538
63.560 -19.868 -49.934
43.868 6.418 5.802
-14.418 -16.440 -5.626
87.736 -1.319 13.978
-26.198 -0.967 0.440
-8.352 -3.429 18.198
24.176 -9.495 -1.670
-40.088 9.055 -3.780
16.088 0.000 13.978
13.978 10.462 0.967
-42.110 -9.758 4.396
29.099 0.000 -13.626
11.429 -2.022 18.374
-11.429 -0.527 -18.549
0.000 0.000 32.760
10.725 -6.154 -15.824
72.791 -12.396 -49.846
51.780 8.615 10.462
-16.527 -15.824 -13.978
95.033 -3.516 16.352
-28.923 -2.374 1.319
-8.615 -3.692 21.538
26.462 -10.462 -2.022
-43.692 9.758 -4.484
17.407 0.527 13.714
14.066 10.901 1.231
-45.011 -10.286 4.923
32.000 0.703 -13.451
13.538 -2.989 21.714
-13.451 -1.495 -21.890
0.000 0.000 32.420
11.604 -6.418 -17.495
74.022 -11.165 -48.352
57.846 9.846 14.945
-17.758 -12.923 -24.440
99.516 -5.187 17.495
-30.945 -3.429 2.198
-8.527 -3.868 24.440
27.956 -11.077 -2.374
-46.418 10.286 -5.011
18.637 0.967 13.538
13.626 11.077 1.319
-46.857 -10.637 5.363
34.286 1.319 -13.275
15.297 -3.868 24.440
-15.121 -2.549 -24.703
