15
4 1 8 9 12 
2 2 5 
1 3 
1 4 
0 
1 6 
1 7 
0 
0 
1 10 
1 11 
0 
1 13 
1 14 
0 
0.000 0.000 36.060
0.000 -0.560 0.360
3.820 0.020 -2.400
-0.400 0.180 -14.760
0.140 -1.080 -16.300
-3.820 0.060 -2.500
0.320 0.200 -14.760
-0.160 -1.060 -16.200
0.000 -1.940 14.060
7.360 -1.160 13.820
1.140 -0.200 -8.440
0.720 0.080 -8.160
-7.380 -1.160 13.820
-1.160 -0.200 -8.440
-0.740 0.080 -8.160
2
0.000 0.000 36.040
1.231 -0.703 20.396
105.846 15.033 -63.297
74.813 2.637 8.879
51.341 -22.242 -16.000
75.956 9.495 53.451
46.418 5.011 4.923
-16.440 0.000 33.055
0.264 -2.286 0.352
-6.242 0.967 -0.088
5.363 1.407 14.769
0.000 3.604 -1.407
-5.978 -1.407 0.088
5.363 -2.374 -14.681
5.538 0.000 33.055
-6.681 -3.516 -32.967
0.000 0.000 36.040
1.231 -0.703 20.396
105.846 15.033 -63.297
74.813 2.637 8.879
51.341 -22.242 -16.000
75.956 9.495 53.451
46.418 5.011 4.923
-16.440 0.000 33.055
0.264 -2.286 0.352
-6.242 0.967 -0.088
5.363 1.407 14.769
0.000 3.604 -1.407
-5.978 -1.407 0.088
5.363 -2.374 -14.681
5.538 0.000 33.055
-6.681 -3.516 -32.967
