15
4 1 8 9 12 
2 2 5 
1 3 
1 4 
0 
1 6 
1 7 
0 
0 
1 10 
1 11 
0 
1 13 
1 14 
0 
0.000 0.000 25.340
0.000 0.000 0.000
2.000 -0.440 -4.180
0.120 -0.340 -8.540
0.040 -0.200 -11.160
-2.000 -0.440 -4.180
-0.140 -0.400 -8.540
-0.060 -0.200 -11.160
0.000 -0.020 9.280
4.360 -0.720 8.220
1.220 0.000 -5.720
0.760 0.260 -5.360
-4.420 -0.720 8.220
-1.240 0.000 -5.720
-0.820 0.260 -5.360
20
0.000 0.000 24.680
5.802 7.824 -9.055
65.407 2.374 -20.659
2.901 -3.253 -0.176
-17.934 -14.945 -9.143
70.593 -13.363 -11.516
-39.736 3.868 -3.253
8.176 -0.176 -0.352
-4.571 2.286 5.363
-32.615 0.352 -3.341
-25.582 -3.429 2.901
-9.758 -2.022 -3.692
-1.231 -0.440 3.956
25.319 2.901 1.055
10.637 0.000 0.000
-19.516 0.000 0.000
0.000 0.000 24.700
3.429 7.297 0.264
61.978 0.967 -20.571
-2.198 -3.604 0.000
-16.088 -13.802 -8.264
71.473 -13.363 -12.396
-37.626 4.132 -3.165
5.451 -0.879 -2.286
-4.484 -1.055 3.956
-55.648 0.264 -3.077
-17.407 -0.791 2.725
-8.000 -3.077 -3.604
-1.231 -0.440 3.956
16.352 5.187 2.637
10.725 -1.319 -3.516
-17.055 1.055 1.231
0.000 0.000 24.760
0.176 7.912 12.835
56.879 1.055 -16.176
-7.033 -3.692 0.352
-11.516 -11.165 -5.714
70.681 -13.714 -12.835
-30.330 4.132 -2.374
2.198 -2.110 -5.363
-6.418 -5.714 1.582
-78.769 0.264 -2.813
-3.253 3.077 1.934
-3.780 -4.220 -3.516
-1.319 -0.440 3.956
8.615 8.000 5.451
10.725 -3.253 -9.846
-15.736 2.725 3.780
0.000 0.000 24.840
0.000 7.824 14.945
52.396 4.747 -7.912
-12.484 -3.253 0.615
-5.714 -8.264 -1.758
64.879 -14.242 -10.725
-18.110 2.637 -0.791
2.989 -2.813 -7.824
-14.593 -7.121 -0.264
-96.791 0.440 -2.725
11.253 4.835 3.165
3.780 -4.132 -3.604
-1.319 -0.440 3.956
0.264 8.527 7.912
11.429 -3.604 -15.824
-15.385 3.868 6.154
0.000 0.000 24.940
0.088 7.560 14.505
48.352 10.110 0.000
-17.407 -2.374 0.615
0.000 -6.154 3.077
56.791 -13.978 -7.033
-5.714 0.088 0.000
5.275 -3.165 -10.549
-18.813 -7.912 -1.582
-105.934 0.440 -2.637
26.725 6.154 6.154
9.670 -3.692 -3.516
-1.231 -0.440 3.956
-6.945 7.912 10.813
12.308 -2.989 -22.066
-16.088 5.099 8.791
0.000 0.000 25.060
-1.055 7.648 16.088
45.802 13.978 4.308
-20.396 -0.879 0.264
4.923 -5.363 8.000
52.396 -12.923 -4.484
2.110 -2.549 0.000
8.088 -3.429 -14.066
-5.099 -8.000 -1.495
-106.813 0.440 -2.637
43.077 7.033 10.725
7.297 -2.901 -3.516
-1.319 -0.440 3.956
-12.308 6.242 14.242
13.538 -0.879 -29.275
-18.286 6.418 12.308
0.000 0.000 25.160
-2.637 7.912 16.791
44.659 15.385 5.714
-21.978 0.264 -0.088
8.088 -5.538 11.868
51.868 -11.692 -2.725
6.418 -4.571 -0.440
10.813 -3.077 -16.967
10.198 -7.912 -0.703
-101.099 0.440 -2.637
57.934 6.066 15.121
0.703 -2.110 -3.516
-1.319 -0.440 3.956
-17.143 4.308 16.703
14.857 1.231 -34.374
-20.659 7.648 14.945
0.000 0.000 25.540
-3.429 7.121 15.033
43.341 14.857 4.923
-20.484 0.000 0.000
9.055 -6.945 14.945
51.780 -9.055 0.879
9.758 -4.747 -0.791
12.220 -2.725 -18.022
13.451 -5.626 1.495
-80.440 0.352 -2.813
62.857 3.253 16.000
-10.462 -1.582 -3.429
-1.231 -0.440 3.956
-22.066 3.429 16.264
15.209 1.670 -34.637
-22.418 8.176 15.473
0.000 0.000 25.840
-5.363 7.385 11.253
45.275 13.890 4.132
-19.077 -1.319 0.352
8.527 -9.055 17.670
51.429 -4.044 7.824
13.626 -3.341 -0.791
12.396 -2.286 -15.824
10.901 -2.549 4.044
-49.055 0.264 -3.165
52.747 1.407 13.890
-19.516 -1.143 -3.516
-1.319 -0.440 3.956
-27.868 3.341 13.978
14.681 0.967 -30.066
-22.945 6.945 13.363
0.000 0.000 25.240
-11.692 11.780 3.341
58.725 15.121 8.703
-26.286 -3.604 1.758
7.121 -10.637 18.989
49.407 4.308 19.077
20.308 -0.176 -0.088
9.846 -1.055 -6.593
3.604 0.000 5.011
-24.791 0.352 -3.429
40.791 0.967 9.846
-15.033 -0.879 -3.868
-1.231 -0.440 3.956
-36.659 4.308 9.758
12.835 -0.176 -17.407
-21.363 2.198 5.451
0.000 0.000 24.640
-14.857 13.538 -4.132
72.352 14.418 15.033
-32.615 -6.681 4.308
5.275 -10.725 17.670
44.044 12.396 26.022
24.440 3.165 1.319
6.242 1.055 2.901
-3.692 2.549 4.923
-9.846 0.440 -3.516
30.769 -0.791 4.659
-9.934 -0.264 -3.692
-32.176 -0.264 3.692
-26.022 4.747 4.659
10.813 0.000 -3.253
-19.868 -2.198 -2.813
0.000 0.000 24.680
-9.231 8.703 -4.571
72.176 14.505 15.297
-27.341 -7.297 3.780
3.253 -9.407 13.011
43.692 11.516 24.440
20.484 4.659 1.670
5.363 2.022 6.418
-5.890 5.099 4.747
-1.670 0.527 -3.604
19.429 -5.099 -0.264
-18.198 1.231 -2.462
-60.132 -0.176 3.429
-12.396 2.637 0.440
10.022 1.670 5.275
-18.022 -3.780 -5.890
0.000 0.000 24.760
-1.758 3.253 -4.571
64.527 15.736 12.747
-16.791 -6.066 1.758
1.143 -7.648 6.066
49.319 4.747 19.604
12.132 5.187 0.967
5.890 2.286 8.264
-4.571 6.769 4.659
-1.758 0.527 -3.604
11.077 -8.703 -5.011
-25.319 3.077 -1.846
-85.802 -0.264 3.165
4.747 0.791 -3.341
9.758 2.901 12.484
-16.352 -4.396 -7.473
0.000 0.000 24.840
1.319 2.725 -6.154
53.538 16.176 8.879
-5.626 -3.516 0.264
-0.527 -6.154 -1.934
56.615 -3.516 10.637
1.670 5.099 0.000
6.769 2.725 10.725
2.286 6.330 4.747
-1.670 0.527 -3.604
2.725 -8.440 -9.846
-15.736 3.077 -1.670
-103.736 -0.352 2.989
21.011 1.758 -8.703
10.637 1.670 20.659
-16.000 -5.187 -9.934
0.000 0.000 24.940
4.220 3.604 -6.154
44.571 14.066 4.220
3.692 -0.527 0.000
-2.110 -5.187 -10.022
61.890 -10.022 -0.440
-9.582 3.956 -0.615
8.264 2.725 13.011
8.440 5.363 4.659
-1.670 0.527 -3.604
-4.484 -6.593 -14.242
-5.890 2.549 -2.022
-111.824 -0.440 2.901
38.154 3.780 -13.714
12.308 -0.703 28.044
-16.527 -5.890 -12.220
0.000 0.000 25.040
9.495 3.429 -1.319
43.956 11.692 1.670
8.264 1.846 0.088
-3.692 -5.099 -16.967
63.473 -13.538 -8.264
-19.165 2.286 -0.791
10.549 2.462 15.473
6.242 4.835 4.659
-1.670 0.527 -3.604
-9.582 -5.099 -17.846
-13.187 2.022 -2.725
-110.242 -0.440 2.989
55.033 5.011 -16.879
13.714 -3.253 34.374
-18.462 -6.681 -14.681
0.000 0.000 25.160
13.099 2.725 3.253
50.286 10.901 0.879
9.231 2.813 0.352
-5.714 -5.978 -21.451
62.242 -15.560 -12.220
-25.495 1.055 -0.440
12.571 1.846 16.703
0.000 4.571 4.747
-1.670 0.527 -3.604
-14.593 -4.220 -19.253
-18.989 1.319 -3.165
-102.418 -0.352 2.989
66.286 5.451 -17.934
14.857 -5.099 37.363
-20.571 -7.209 -15.912
0.000 0.000 25.540
10.110 3.692 3.956
54.418 9.582 -0.967
9.495 1.407 0.088
-9.319 -8.703 -21.363
57.319 -16.527 -11.692
-26.725 1.495 -0.703
13.099 1.407 15.297
-10.989 5.363 4.747
-1.670 0.527 -3.604
-20.659 -5.275 -16.615
-2.198 0.791 -3.165
-84.044 -0.264 3.165
65.495 4.044 -16.000
14.945 -4.308 34.110
-21.978 -6.681 -14.418
0.000 0.000 25.860
5.890 5.187 2.022
55.736 7.033 -5.275
9.143 -0.703 -0.088
-13.626 -11.956 -16.967
54.066 -15.560 -8.791
-25.934 2.286 -1.055
12.571 1.143 11.780
-19.253 5.890 4.659
-1.670 0.527 -3.604
-27.253 -6.066 -11.341
13.275 0.352 -3.692
-58.725 -0.176 3.429
56.000 2.549 -12.132
14.418 -2.374 26.374
-22.418 -5.099 -11.077
0.000 0.000 25.260
5.275 6.769 -4.308
60.044 3.429 -13.626
8.000 -2.725 -0.352
-16.703 -14.154 -11.692
62.066 -14.330 -9.582
-32.791 3.077 -1.934
10.198 0.440 4.571
-12.220 3.956 5.275
-1.670 0.527 -3.604
-35.165 -4.396 -2.813
2.198 -0.967 -3.956
-27.341 -0.264 3.780
42.198 2.374 -4.044
12.396 -0.352 10.813
-21.538 -1.934 -4.571
